0.131438 -0.075576 -0.062637 0.027931 0.002055 0.002055 0.118500 -0.127329 0.066746 -0.062637 0.040870 0.027931 -0.049699 0.014993 -0.062637 0.131438 -0.075576
0.039339 -0.059276 -0.019830 0.065636 0.032764 0.045913 -0.019830 -0.006681 -0.046127 -0.019830 0.039339 0.072210 -0.019830 -0.000107 -0.006681 -0.052701 0.039339
-0.112072 0.082383 -0.014845 0.014323 -0.034290 0.082383 -0.063459 0.024046 0.062937 -0.014845 -0.024568 -0.014845 -0.014845 0.024046 0.072660 -0.044013 0.014323
0.075273 0.049838 -0.001033 0.009141 -0.001033 0.004054 -0.026468 0.004054 -0.001033 -0.006120 0.009141 0.029490 0.009141 -0.016294 0.004054 -0.006120 0.014228
-0.041405 -0.024753 0.050182 0.008552 0.016878 -0.041405 -0.024753 0.091813 -0.016427 0.033530 0.008552 0.016878 -0.033079 -0.074709 0.083486 -0.024753 0.000226
0.089319 0.045214 -0.020943 -0.013592 0.023162 0.023162 0.037863 0.045214 0.001109 0.015811 -0.042995 0.030512 -0.035645 -0.057697 0.037863 0.030512 -0.028294
-0.136875 0.116633 0.015230 -0.086174 0.201135 -0.119975 0.015230 -0.052373 -0.035472 0.099732 0.049031 -0.052373 0.065931 -0.035472 -0.069273 0.099732 -0.035472
0.196984 0.054102 0.011237 -0.045916 -0.017339 0.039814 -0.088780 -0.060204 0.025525 0.025525 0.039814 -0.017339 -0.031627 0.139831 0.025525 -0.045916 -0.045916
0.046588 0.134954 0.071836 -0.054401 0.033965 0.008717 -0.016530 0.071836 -0.117519 0.109707 -0.092272 -0.016530 0.097083 -0.041777 -0.079648 -0.079648 0.122330
0.077926 -0.006955 0.040201 0.087358 0.030770 0.040201 0.049633 0.040201 0.040201 -0.035248 -0.101267 0.059064 -0.054111 -0.044680 -0.006955 0.030770 0.011908
0.089657 0.027372 0.009576 0.062964 0.036270 -0.070505 0.089657 -0.034913 -0.026015 0.027372 -0.017117 0.027372 -0.088300 0.062964 -0.008219 -0.017117 0.018474
-0.028535 0.039890 -0.019982 0.027060 -0.007152 0.014231 0.014231 0.027060 -0.011429 0.005677 -0.007152 0.018507 -0.045642 0.039890 -0.015706 0.022784 0.005677
-0.021608 0.060985 0.053476 -0.029116 0.038459 0.038459 -0.029116 -0.006591 0.083510 -0.066658 0.038459 -0.021608 -0.044133 0.023443 0.000917 -0.044133 0.076001
0.017691 0.052836 -0.040885 0.035263 -0.017454 0.041121 0.017691 -0.011597 0.005976 0.052836 -0.064315 0.052836 -0.046742 0.046978 0.011833 -0.023312 0.000118
0.051777 0.057412 0.034871 -0.010210 0.046142 -0.032750 -0.010210 0.023601 0.012331 -0.015845 -0.015845 0.029236 -0.015845 -0.010210 0.017966 0.034871 -0.055291
0.106745 0.041198 0.128593 -0.046197 0.052123 -0.035272 -0.002499 -0.089894 0.030274 -0.013423 0.041198 0.008425 -0.024348 0.128593 0.008425 -0.068045 -0.024348
0.039409 0.031409 0.011408 -0.020594 0.035409 -0.004593 0.035409 -0.040595 -0.012594 -0.004593 0.015408 0.039409 -0.008594 0.015408 -0.028595 0.011408 0.011408
0.029039 -0.262129 -0.082949 0.073834 -0.015756 0.029039 -0.038153 0.185822 -0.127744 -0.038153 0.006642 0.118630 -0.082949 -0.082949 0.073834 0.096232 -0.082949
0.039796 -0.033327 -0.054219 0.013680 0.013680 0.029350 -0.028104 0.003234 -0.012435 0.018904 -0.007212 0.003234 0.003234 -0.001989 -0.007212 -0.038550 0.050242
0.019235 0.021380 0.006364 0.019235 0.025670 -0.006507 0.023525 -0.000071 0.025670 0.002074 0.002074 -0.000071 -0.004361 -0.004361 -0.004361 0.010654 -0.017232
0.040844 0.116003 -0.053106 0.097213 0.022054 -0.071896 -0.034316 -0.109476 0.191163 0.228743 -0.109476 -0.147056 0.040844 0.022054 -0.034316 -0.053106 0.059633
0.148773 0.036177 0.046413 -0.015004 0.036177 -0.055948 -0.004768 -0.025240 -0.015004 0.005468 0.005468 0.005468 0.036177 -0.004768 0.015704 -0.015004 -0.004768
-0.035370 0.049373 0.014064 -0.014184 0.042311 -0.056555 0.035250 -0.042431 0.014064 0.042311 0.042311 -0.091865 0.014064 -0.014184 0.035250 0.007002 0.021126
0.188834 0.015449 0.015449 0.001001 -0.013448 0.044347 -0.013448 0.131039 -0.042345 0.001001 -0.042345 -0.100140 0.029898 -0.013448 0.029898 0.058796 -0.027897
-0.012507 -0.094557 0.079800 -0.125326 0.079800 -0.074044 0.079800 -0.012507 -0.063788 -0.043275 0.049031 -0.012507 0.049031 -0.033019 0.018262 0.038775 0.028518
-0.004571 0.002547 -0.068630 0.002547 0.038136 0.073724 0.002547 0.045253 -0.054395 -0.047277 -0.004571 0.023900 0.066607 0.031018 -0.011688 -0.061512 0.023900
0.044200 -0.034649 0.006851 -0.001449 0.019300 0.002701 0.006851 -0.001449 -0.038798 -0.022199 0.023450 0.035900 0.040050 -0.022199 0.023450 -0.034649 0.015151
0.023549 -0.007166 -0.014845 0.015870 0.077302 -0.076277 0.038907 0.061944 -0.068598 0.069623 -0.030203 0.031228 0.000513 -0.030203 0.031228 0.000513 -0.014845
-0.026576 -0.026576 0.071007 -0.136357 0.107600 -0.050972 0.046611 -0.050972 -0.014379 0.010017 0.071007 -0.014379 -0.026576 -0.026576 0.058809 0.071007 -0.038774
0.051157 0.064820 -0.030818 -0.003493 0.023832 -0.003493 -0.058143 0.051157 0.078482 -0.023987 0.044326 -0.030818 0.044326 -0.051312 0.003338 0.078482 -0.051312
-0.038823 0.045504 -0.165315 0.115777 -0.052878 -0.010714 0.045504 -0.066933 0.073613 -0.052878 0.017395 0.045504 -0.038823 0.115777 -0.109096 0.045504 0.003340
-0.045421 -0.012935 -0.045421 -0.045421 0.043916 0.027673 -0.029178 0.100766 0.011430 -0.037299 -0.012935 -0.037299 0.019551 -0.061664 0.076402 -0.037299 0.060159
0.043983 -0.013905 -0.007473 0.069711 -0.058929 0.056847 -0.026769 0.024687 0.005391 -0.001041 0.011823 0.011823 -0.007473 -0.007473 -0.013905 0.056847 -0.033201
0.030220 0.018868 0.026436 -0.000050 0.037787 -0.003834 -0.000050 -0.003834 -0.026536 0.007517 -0.037888 0.034003 0.007517 0.030220 -0.011401 0.037787 -0.030320
-0.057998 0.024481 0.037170 0.037170 -0.013586 0.037170 0.030825 -0.038964 0.005447 0.030825 0.037170 -0.026275 -0.013586 0.024481 0.062548 -0.064342 -0.013586
0.102269 0.078037 -0.010815 -0.010815 0.037650 0.013418 -0.010815 0.045727 0.053805 -0.051202 -0.026970 0.021495 -0.002737 0.061882 -0.059279 0.069960 -0.051202
0.037221 -0.005327 0.007437 0.028711 -0.001072 -0.018091 0.032966 -0.001072 -0.001072 -0.013837 0.032966 -0.026601 0.041476 -0.039365 0.045730 -0.013837 -0.009582
0.035788 0.006218 0.027724 0.008906 0.016971 -0.017976 0.022347 -0.009911 -0.009911 -0.009911 0.011594 0.003530 0.003530 0.025035 0.000842 0.006218 -0.004535
-0.039409 0.113009 0.025913 -0.028522 -0.039409 0.025913 -0.028522 -0.050296 0.080348 -0.050296 -0.006748 0.113009 0.036800 -0.039409 -0.017635 0.091235 -0.104731
0.180885 -0.101127 0.039879 -0.072926 -0.030624 0.025779 0.025779 0.068080 -0.087026 0.025779 -0.072926 -0.016523 0.068080 -0.002423 -0.030624 0.082181 -0.030624
-0.093001 0.096505 -0.160682 0.096505 -0.065929 0.042361 0.015288 -0.065929 0.069433 -0.079465 0.069433 -0.052393 -0.011784 0.069433 -0.065929 0.110042 -0.038856
0.027303 0.009862 0.016402 0.012042 0.025123 0.005502 0.003322 0.018583 -0.003219 0.005502 -0.007579 0.016402 -0.005399 0.007682 0.001142 -0.016299 0.001142
0.001562 0.009145 -0.008548 0.011673 -0.011076 0.011673 0.009145 -0.021186 0.019255 -0.006020 -0.006020 0.006617 0.006617 0.001562 -0.000965 0.001562 0.029366
-0.149946 0.026558 0.042604 0.170971 0.138879 -0.085763 0.010513 -0.085763 0.058650 0.122833 0.010513 -0.053671 -0.005533 -0.069717 -0.117854 -0.005533 0.122833
-0.145721 0.013129 -0.020911 0.081207 -0.054950 -0.020911 0.035821 -0.032257 0.047168 0.035821 -0.009564 0.024475 0.047168 -0.100336 0.024475 0.024475 -0.020911
0.000000 0.000000 0.000000 0.000000 0.000000 0.000000 0.000000 0.000000 0.000000 0.000000 0.000000 0.000000 0.000000 0.000000 0.000000 0.000000 0.000000
0.001559 -0.006844 -0.023651 -0.074069 0.018365 0.018365 0.001559 -0.048860 0.018365 0.026768 0.051977 -0.040457 0.043574 -0.057263 0.093993 -0.023651 -0.015248
0.118944 -0.026744 -0.092966 -0.000255 0.039478 -0.132699 0.132188 -0.119454 0.132188 -0.026744 -0.092966 0.026233 -0.026744 0.039478 -0.026744 -0.039988 0.079211
0.012695 -0.127747 -0.315003 -0.268189 0.153137 0.012695 0.036102 -0.010712 0.082916 -0.010712 -0.010712 0.036102 0.012695 -0.010712 -0.151154 0.059509 0.129730
-0.117201 0.003344 0.069095 -0.073367 -0.051449 0.058137 -0.018574 0.003344 0.014302 -0.007615 0.003344 0.003344 -0.007615 0.101971 -0.106243 0.014302 0.003344
-0.101403 0.066004 -0.009329 0.040893 -0.000959 -0.034440 0.032523 -0.076292 0.066004 -0.000959 -0.000959 0.015782 -0.042811 0.057634 -0.034440 -0.000959 0.007412
0.051739 -0.116749 0.023658 -0.018464 0.009617 -0.004424 -0.004424 0.121942 -0.144830 0.051739 -0.116749 0.079820 0.107901 -0.158871 0.121942 -0.102708 0.037698
0.095611 0.039763 0.028594 0.006255 -0.094270 0.028594 -0.127779 0.050933 0.028594 -0.049592 -0.016084 0.084441 0.095611 -0.071931 0.028594 -0.094270 0.050933
0.005029 -0.025302 -0.176958 0.020195 0.050526 0.080857 0.065692 0.020195 -0.085964 -0.025302 -0.085964 0.050526 0.126354 0.020195 -0.025302 -0.025302 -0.010136
0.060049 -0.153717 -0.087943 -0.186604 0.125823 0.142266 -0.038612 0.010718 0.043605 -0.071499 0.142266 -0.055056 0.010718 -0.071499 0.043605 0.092936 -0.071499
0.058736 -0.059791 -0.229115 -0.093656 0.109533 0.109533 0.007939 -0.110588 -0.076723 0.007939 0.075668 0.109533 0.041804 -0.093656 -0.008994 -0.025926 0.007939
0.009049 0.044253 0.004019 -0.021126 0.039223 0.009049 0.014078 0.044253 -0.056330 0.019107 0.039223 -0.036214 0.014078 0.034194 -0.041243 -0.001010 0.014078
0.106009 -0.084562 0.010724 -0.008334 0.001195 0.077423 -0.008334 -0.027391 -0.075033 0.010724 0.029781 0.010724 0.077423 0.001195 -0.046448 -0.017862 0.010724
0.040145 0.065336 -0.010236 -0.048022 0.021252 -0.035427 0.014954 0.071633 -0.035427 0.046443 0.014954 -0.003939 0.014954 -0.054320 -0.003939 0.014954 0.002359
-0.121434 0.021223 -0.149965 0.078286 0.078286 -0.121434 0.135349 -0.064371 -0.050105 0.078286 0.006958 -0.064371 -0.021574 0.049755 0.049755 -0.035840 0.006958
-0.116782 0.065807 -0.010272 -0.010272 0.035376 -0.040703 0.065807 -0.192860 0.050591 0.050591 0.081023 0.004944 0.004944 0.111454 -0.116782 -0.010272 0.004944
-0.023491 0.028100 0.002304 -0.001381 -0.019806 0.024415 -0.001381 -0.001381 0.024415 -0.019806 0.017045 0.005989 -0.019806 0.020730 -0.027176 -0.001381 0.046525
-0.004978 0.047790 0.031960 -0.020809 0.016129 0.068897 -0.015532 -0.004978 0.037236 -0.036639 0.047790 -0.020809 -0.004978 -0.015532 -0.004978 0.031960 -0.026085
0.071698 -0.185250 -0.050014 -0.050014 0.017604 0.085221 0.071698 -0.050014 -0.022967 -0.104109 -0.022967 0.085221 0.058174 0.085221 -0.022967 -0.104109 0.031127
0.081961 0.067251 0.045188 -0.057776 0.001061 -0.013649 -0.043067 0.015770 0.015770 0.015770 0.059897 -0.021003 0.008415 -0.065130 0.052542 -0.050421 0.015770
-0.002235 0.005758 -0.002235 0.019744 -0.014223 -0.000237 0.013750 -0.010227 0.013750 0.003759 -0.004233 -0.008229 0.009754 0.003759 -0.002235 -0.000237 0.025738
0.048651 0.018030 0.048651 0.010375 0.029513 -0.008763 0.029513 -0.008763 0.018030 0.002720 -0.008763 0.006547 0.006547 -0.020246 -0.004936 -0.027901 0.029513
0.024092 0.053688 -0.005504 -0.005504 -0.044965 -0.015369 0.043823 -0.064695 -0.005504 0.122745 -0.015369 0.033958 0.033958 0.004362 -0.074561 -0.015369 -0.015369
0.000000 0.000000 0.000000 0.000000 0.000000 0.000000 0.000000 0.000000 0.000000 0.000000 0.000000 0.000000 0.000000 0.000000 0.000000 0.000000 0.000000
-0.003419 -0.021980 -0.114789 -0.244720 -0.021980 0.052266 0.033705 0.070828 -0.021980 -0.114789 -0.021980 -0.003419 0.052266 -0.003419 0.033705 -0.077665 0.126513
0.004632 0.047937 -0.107963 0.039276 -0.004029 0.039276 0.065260 -0.055996 -0.021351 -0.064657 0.013293 0.021954 0.030615 0.039276 -0.090640 0.056599 0.021954
0.307495 -0.027378 0.014481 -0.069237 -0.006449 0.202847 0.014481 0.056340 -0.006449 -0.111096 0.140059 0.014481 -0.090167 0.014481 -0.048308 0.056340 -0.027378
0.062205 -0.121881 -0.244605 -0.398010 0.123567 0.062205 -0.091200 -0.091200 -0.152562 0.031524 0.215609 -0.091200 0.000843 -0.060519 0.092886 0.062205 0.031524
-0.003787 -0.033118 -0.033118 -0.062450 -0.033118 0.216200 -0.003787 -0.003787 -0.047784 -0.077115 -0.003787 -0.033118 0.098874 -0.018452 -0.018452 -0.047784 0.084208
-0.259360 -0.164699 -0.051105 0.119286 0.081421 0.024624 -0.051105 -0.126834 -0.051105 0.062489 0.081421 -0.013240 -0.088969 0.024624 0.024624 -0.126834 0.119286
-0.081522 -0.081522 -0.240098 -0.330713 0.122362 0.077055 -0.036214 -0.285406 0.031747 0.054401 0.077055 0.054401 -0.126829 0.077055 0.054401 0.031747 0.054401
0.019610 -0.004996 0.036014 0.060621 -0.087016 -0.070612 0.077025 -0.029602 -0.037804 0.052419 0.060621 0.060621 -0.037804 0.036014 0.027812 -0.037804 -0.013198
0.061313 0.082849 0.029011 0.050546 0.050546 0.018243 0.018243 0.018243 -0.067898 -0.078665 -0.046363 -0.067898 0.039778 0.136687 0.007475 -0.014060 -0.003292
0.000746 -0.095740 -0.192225 -0.336953 0.145474 0.024867 0.000746 -0.047497 -0.047497 -0.047497 0.073110 0.000746 0.048989 -0.095740 -0.023376 0.073110 0.024867
-0.007982 -0.207020 -0.331418 -0.207020 0.166176 0.091537 -0.182140 0.066657 0.041777 -0.032862 0.041777 -0.057741 0.041777 -0.082621 0.016898 0.016898 0.116417
0.010304 -0.096495 -0.352813 -0.203294 0.074384 0.074384 0.053024 0.010304 -0.032415 -0.117855 -0.032415 0.053024 0.010304 0.010304 -0.032415 0.053024 0.074384
0.138937 -0.020711 -0.127143 -0.113839 0.032505 0.059113 0.045809 0.032505 -0.047319 -0.073927 0.005897 0.045809 0.019201 -0.060623 -0.020711 -0.073927 0.138937
0.017485 -0.050540 -0.159382 -0.009725 -0.036935 0.071906 0.017485 -0.077751 0.003880 0.003880 0.031091 0.085511 0.003880 0.044696 -0.091356 -0.077751 0.112722
0.161393 -0.055624 0.052884 -0.086626 -0.009120 0.021882 -0.071125 -0.024622 -0.040123 0.052884 -0.024622 0.068386 0.006381 0.021882 -0.086626 -0.148631 0.161393
0.133319 -0.138610 -0.125014 0.078933 0.065337 0.133319 -0.016242 0.010951 -0.111417 -0.084224 -0.029838 0.092530 0.051740 0.051740 -0.029838 0.038144 -0.029838
0.088357 0.129825 -0.015313 -0.015313 -0.036047 -0.004946 -0.046414 0.036522 0.036522 -0.067148 -0.025680 0.098724 -0.004946 -0.015313 -0.077515 -0.015313 0.067623
0.122267 -0.010771 -0.232501 -0.321193 -0.099463 0.122267 0.011402 -0.032944 -0.055117 0.033575 0.077921 0.100094 0.077921 -0.077290 -0.055117 -0.032944 0.100094
0.109677 -0.181199 -0.305860 0.005793 0.047346 0.109677 -0.139645 -0.139645 -0.014984 0.047346 0.109677 -0.014984 -0.098091 0.047346 -0.014984 0.068123 -0.056538
0.294916 -0.193431 -0.169013 -0.120179 0.001908 -0.071344 -0.120179 -0.071344 -0.120179 -0.095761 -0.022509 0.050743 -0.022509 0.001908 -0.071344 0.026325 0.050743
0.080152 0.044674 0.003282 -0.020370 -0.038109 -0.008544 0.015108 0.009195 0.009195 -0.008544 -0.002631 -0.002631 -0.002631 0.003282 0.003282 -0.002631 0.009195
0.022783 0.019428 0.009363 0.007686 -0.002379 -0.007412 -0.010767 -0.002379 -0.005734 0.004331 0.007686 0.002653 0.002653 0.004331 0.007686 -0.004057 0.017750
0.000000 0.000000 0.000000 0.000000 0.000000 0.000000 0.000000 0.000000 0.000000 0.000000 0.000000 0.000000 0.000000 0.000000 0.000000 0.000000 0.000000
-0.080672 0.016434 0.149955 0.052849 -0.092810 -0.056395 -0.032119 0.052849 0.089264 0.016434 -0.019980 -0.044257 0.052849 0.028573 0.004296 -0.056395 0.004296
0.058377 0.064430 0.070483 -0.014256 -0.044520 -0.026362 0.003902 -0.020309 -0.026362 0.034166 0.040219 0.022061 0.009955 0.046272 -0.050573 -0.038467 -0.002151
0.026659 -0.005747 0.026659 0.020178 -0.002506 0.016937 0.007215 0.003975 -0.005747 0.013697 0.020178 0.023418 -0.031671 0.026659 -0.018709 0.020178 -0.038152
0.173511 -0.192405 -0.174109 -0.027743 0.027145 0.155215 0.100328 -0.082630 0.008849 -0.046039 0.045440 -0.119222 0.082032 0.027145 -0.027743 0.045440 -0.027743
-0.063780 -0.063780 -0.063780 0.018951 0.052043 0.151320 -0.030687 -0.047234 -0.030687 -0.179603 0.085136 -0.030687 0.151320 0.018951 -0.014141 0.002405 -0.030687
0.022772 -0.016897 0.002937 0.042606 0.057482 0.032689 -0.006980 -0.036731 -0.006980 -0.036731 -0.011938 0.057482 0.052523 0.037647 -0.041690 -0.021855 -0.021855
0.052697 0.021899 0.021899 -0.014031 -0.024296 -0.003765 -0.024296 -0.019164 0.006501 -0.003765 0.032165 -0.008898 0.032165 0.021899 0.001368 -0.049961 0.027032
0.087165 0.029731 0.044090 -0.042062 0.087165 -0.042062 -0.056420 -0.013345 -0.099496 0.029731 0.144600 -0.013345 0.001014 0.015373 -0.085137 -0.142572 0.144600
0.004853 0.048871 0.022460 0.048871 -0.056774 0.057675 -0.021559 0.048871 0.031264 0.013656 0.022460 -0.109596 0.066479 -0.047970 0.057675 -0.056774 -0.003951
0.004117 0.004117 -0.017819 0.034828 -0.030981 0.030441 -0.004658 -0.004658 0.004117 0.004117 0.004117 -0.004658 -0.000270 0.047990 -0.039756 -0.000270 0.034828
0.152719 0.031368 -0.089983 -0.041443 -0.053578 0.031368 0.019233 0.043503 0.007098 0.031368 0.031368 -0.041443 0.067773 -0.041443 0.019233 0.019233 -0.041443
0.155503 0.155503 -0.147379 0.121850 -0.147379 0.020889 -0.046418 0.004062 0.037716 -0.012764 0.037716 0.020889 0.121850 -0.181032 0.004062 -0.113725 0.105023
0.039436 0.046180 0.066410 -0.007767 0.025950 0.059666 -0.027997 0.046180 -0.048226 0.046180 -0.068456 0.032693 0.032693 -0.027997 0.019206 -0.001023 -0.027997
0.111816 0.083580 -0.010537 0.017698 -0.057595 -0.001125 -0.048184 0.008287 -0.019949 -0.001125 0.055345 -0.001125 0.008287 0.045934 0.027110 -0.076419 -0.010537
0.033684 0.005958 0.009038 0.009038 0.024442 -0.015607 -0.000204 0.005958 0.005958 0.024442 -0.015607 0.005958 0.021361 -0.012527 0.033684 -0.027930 0.012119
0.266371 0.039063 -0.074591 -0.188244 -0.051860 0.084525 0.016332 0.084525 0.016332 -0.051860 -0.120052 -0.165514 0.266371 0.039063 0.084525 -0.006398 -0.120052
0.031615 0.010093 0.058517 -0.022190 0.020854 0.042376 -0.006049 -0.006049 0.010093 0.015473 -0.006049 -0.016810 0.047756 -0.049092 0.031615 -0.011429 -0.000668
0.038297 0.032306 0.008346 0.005351 0.002356 0.008346 -0.021604 0.014336 -0.015614 -0.003634 0.002356 -0.012619 0.005351 -0.012619 0.005351 0.005351 0.035302
0.159297 -0.027326 0.109531 0.022441 -0.052209 -0.039767 0.047324 -0.089533 -0.002442 0.034882 0.009999 0.047324 0.009999 0.047324 -0.014884 -0.027326 -0.052209
0.072510 0.008896 -0.092886 -0.131054 0.072510 0.059787 0.047065 0.034342 -0.118331 -0.067440 0.059787 -0.029272 0.123401 -0.029272 0.021619 -0.080163 0.034342
0.057580 0.046618 0.019214 -0.046555 0.035657 0.008253 0.008253 -0.013670 0.013733 0.019214 -0.052036 0.013733 0.008253 0.019214 0.013733 0.008253 -0.013670
0.068015 0.060749 0.031686 0.009889 0.024420 -0.055503 -0.077301 0.024420 0.031686 -0.004643 0.009889 -0.019175 0.002623 0.002623 -0.011909 0.009889 0.017154
0.000000 0.000000 0.000000 0.000000 0.000000 0.000000 0.000000 0.000000 0.000000 0.000000 0.000000 0.000000 0.000000 0.000000 0.000000 0.000000 0.000000
0.086700 0.036148 -0.115508 -0.044735 0.036148 0.015927 -0.004293 0.015927 -0.034625 0.056369 0.026038 -0.095287 0.036148 0.046259 0.015927 0.015927 -0.044735
-0.177808 -0.196195 0.042836 0.153158 0.006062 -0.067486 -0.085873 -0.049099 0.171545 -0.067486 -0.012325 0.153158 0.006062 -0.104260 -0.049099 -0.030712 0.097997
-0.018415 0.288973 0.003541 -0.150153 0.003541 0.047454 -0.106240 -0.018415 0.047454 -0.018415 0.091366 0.025498 0.003541 0.025498 -0.018415 0.025498 -0.084284
0.034649 -0.016614 0.010726 0.000473 0.017561 -0.016614 -0.002944 0.020979 0.003891 -0.026867 0.024396 -0.020032 0.034649 -0.033702 0.010726 0.003891 0.031232
0.071250 -0.083008 -0.111055 -0.068985 0.071250 0.113320 0.113320 -0.026915 -0.167149 -0.040938 -0.012891 0.071250 -0.040938 0.029179 0.071250 -0.068985 0.029179
0.070271 -0.002327 -0.066858 -0.018460 -0.026526 0.054138 0.005740 0.046072 -0.091058 -0.042659 0.013806 -0.018460 0.038006 0.038006 -0.018460 -0.026526 0.054138
0.144648 -0.142174 -0.099151 -0.070469 0.058601 0.144648 -0.041787 -0.084810 -0.056128 0.087283 0.101625 0.101625 0.029919 -0.113492 -0.113492 0.001237 0.058601
0.081473 0.022725 0.052099 -0.075189 -0.006649 -0.055606 -0.045815 -0.026232 -0.016441 -0.006649 0.061891 0.110848 0.022725 0.042308 -0.075189 0.071682 -0.084981
0.071250 -0.083008 -0.111055 -0.068985 0.071250 0.113320 0.113320 -0.026915 -0.167149 -0.040938 -0.012891 0.071250 -0.040938 0.029179 0.071250 -0.068985 0.029179
0.003899 -0.020048 -0.004083 0.075739 -0.083905 0.027846 0.019863 0.027846 -0.075923 0.035828 -0.020048 -0.036012 0.003899 0.067757 -0.020048 0.027846 0.011881
0.003899 -0.020048 -0.004083 0.075739 -0.083905 0.027846 0.019863 0.027846 -0.075923 0.035828 -0.020048 -0.036012 0.003899 0.067757 -0.020048 0.027846 0.011881
0.119964 0.038875 -0.103030 -0.123302 -0.103030 0.059147 0.221325 -0.042214 0.059147 0.018603 -0.103030 -0.021941 0.018603 -0.001669 0.160508 0.059147 -0.184119
0.021643 0.033057 -0.103913 0.090128 -0.001185 0.010229 0.010229 0.067300 -0.046842 -0.046842 0.124371 -0.046842 0.033057 -0.024014 -0.035428 -0.012600 0.033057
0.004545 -0.044886 0.068100 -0.023701 -0.016640 0.068100 -0.030763 -0.009578 0.025730 -0.016640 0.011607 0.046915 -0.009578 -0.023701 0.053977 -0.073133 0.032792
0.016149 0.036159 -0.015867 0.048166 -0.011865 0.036159 -0.019869 0.020151 -0.031875 0.020151 0.008145 -0.011865 0.004143 0.004143 0.004143 -0.007863 0.016149
0.059397 -0.023895 0.005852 -0.047693 0.005852 -0.011996 0.017751 0.041549 0.023701 0.023701 -0.017945 0.029650 -0.041743 -0.059592 0.029650 0.005852 0.041549
-0.094027 0.081011 -0.006508 0.037252 0.081011 -0.076523 0.010996 0.002244 -0.024011 0.046004 -0.032763 0.002244 -0.032763 0.037252 0.054756 -0.015260 0.010996
-0.006802 0.038073 -0.014282 -0.044199 0.067990 0.023115 -0.044199 0.008156 -0.081595 -0.036719 0.053031 0.053031 -0.014282 0.053031 0.000677 -0.036719 0.015635
0.005840 0.003706 0.003706 0.001572 -0.009098 -0.002696 -0.002696 -0.002696 -0.002696 -0.000562 0.001572 0.007974 -0.002696 0.010108 0.005840 -0.004830 0.033582
0.090422 0.027075 -0.036271 0.039745 -0.112286 0.014406 -0.048940 0.001737 0.001737 0.065083 -0.048940 0.141099 -0.061609 -0.010932 -0.010932 0.027075 -0.010932
0.060127 -0.005461 -0.005461 -0.016392 0.010936 0.027333 0.032799 0.010936 -0.032789 -0.049187 -0.010927 0.000005 0.021868 0.049196 0.038265 0.010936 -0.043721
-0.009943 -0.036661 -0.036661 0.076889 0.003416 -0.056699 0.030133 0.003416 0.030133 -0.003264 0.010095 0.010095 -0.003264 0.030133 0.030133 0.003416 -0.043340
0.000000 0.000000 0.000000 0.000000 0.000000 0.000000 0.000000 0.000000 0.000000 0.000000 0.000000 0.000000 0.000000 0.000000 0.000000 0.000000 0.000000
0.193481 0.025173 0.025173 -0.075811 0.058835 0.075666 -0.075811 -0.143134 -0.025319 0.008343 0.075666 0.092496 -0.075811 -0.008488 0.008343 -0.025319 0.025173
0.052449 0.031837 0.031837 0.011226 0.004355 0.004355 -0.002515 -0.002515 -0.002515 0.004355 0.024967 0.004355 -0.009386 -0.009386 -0.023127 -0.057480 0.079932
0.620874 -0.205333 0.232071 0.134870 -0.108132 0.086269 0.037669 -0.010931 -0.059532 -0.156732 0.037669 0.086269 -0.205333 0.280671 -0.351134 0.232071 -0.059532
-0.031576 -0.014279 0.011666 0.028962 -0.066169 0.037610 0.003017 -0.074817 0.072203 -0.057520 0.098148 -0.057520 -0.057520 0.063555 -0.057520 -0.014279 0.098148
0.047456 0.019131 -0.005147 -0.001101 0.011038 -0.005147 0.023178 0.039363 -0.009194 -0.009194 -0.017286 -0.025379 0.002946 -0.033472 0.023178 0.006992 0.043410
0.064302 -0.062522 -0.035822 0.004228 -0.062522 0.017578 -0.002447 0.024253 0.024253 -0.062522 0.030927 0.010903 0.010903 0.024253 -0.069197 0.064302 -0.022472
0.011854 0.153290 -0.087151 -0.016433 -0.115438 0.054285 0.025998 -0.044720 0.054285 -0.073007 0.040141 0.011854 -0.002290 0.011854 0.139146 -0.129582 -0.002290
0.032823 -0.051268 -0.061780 -0.040757 0.053846 0.064357 0.011800 -0.051268 -0.019734 -0.082802 0.022312 0.043334 0.053846 0.053846 -0.009223 -0.135359 0.074869
0.033061 -0.146619 -0.132798 -0.022225 0.129812 0.129812 -0.022225 -0.091333 -0.077511 -0.036047 0.019239 0.074525 -0.049868 -0.008404 -0.036047 0.046882 0.060704
0.157542 0.009051 -0.089943 0.009051 -0.052821 0.046174 0.021425 -0.003323 -0.052821 -0.077569 0.021425 0.033799 0.009051 0.033799 -0.052821 -0.040446 0.108045
-0.026607 0.036937 -0.026607 0.100481 -0.201354 0.116367 -0.074265 -0.010721 0.068709 -0.026607 0.021051 -0.026607 -0.010721 -0.026607 0.036937 0.021051 0.005165
0.193852 -0.082356 0.096367 -0.131099 0.047624 -0.001119 0.080119 -0.001119 -0.001119 -0.082356 0.031377 -0.001119 0.015129 -0.033614 -0.017366 0.047624 0.031377
-0.006751 -0.027024 -0.006751 -0.118252 -0.006751 -0.027024 0.023659 0.064205 -0.047297 -0.006751 -0.006751 -0.016887 0.033795 -0.006751 0.084477 -0.057433 0.023659
0.010254 -0.067684 -0.018973 0.000512 0.049223 -0.028715 0.039480 -0.028715 0.010254 0.000512 0.010254 -0.048199 0.039480 -0.057942 0.107676 -0.087168 0.049223
-0.072903 -0.195223 -0.247646 0.101841 0.101841 -0.055428 -0.020480 -0.090377 -0.107851 0.101841 0.066892 0.049418 -0.125325 0.031943 0.014469 0.031943 0.014469
0.136350 -0.050852 -0.144454 0.042749 0.042749 0.058349 -0.019652 0.042749 -0.097653 -0.050852 -0.035252 0.042749 0.105150 -0.050852 0.089550 -0.175654 0.073949
0.083998 0.065228 0.027688 0.065228 -0.000468 -0.028623 0.018302 -0.009853 0.008917 -0.000468 -0.028623 0.018302 -0.047393 -0.028623 -0.028623 -0.056778 0.130924
0.226437 0.097628 -0.141587 -0.031180 -0.031180 0.042425 -0.086384 -0.031180 0.005622 0.042425 -0.012779 0.079227 0.024023 0.005622 -0.031180 -0.123186 0.116029
0.060825 0.022525 -0.022158 -0.003008 0.035292 0.022525 0.003375 -0.041307 -0.060457 -0.028541 -0.022158 0.022525 0.067208 0.003375 0.009759 0.028909 -0.009391
0.047441 0.026727 0.011193 0.000836 -0.004342 -0.004342 0.000836 -0.004342 -0.004342 0.011193 -0.009520 0.011193 0.006014 -0.014699 -0.019877 -0.035412 0.068154
0.064505 0.078960 -0.051132 -0.065586 -0.007768 0.064505 0.078960 0.035596 0.093414 -0.181223 -0.022222 -0.036677 0.107869 -0.094495 -0.036677 -0.080041 0.093414
0.144635 -0.119819 -0.040483 0.012408 0.038854 0.052076 0.065299 0.012408 -0.027260 -0.040483 -0.040483 -0.053705 0.052076 -0.027260 0.025631 -0.066928 0.078522
0.000000 0.000000 0.000000 0.000000 0.000000 0.000000 0.000000 0.000000 0.000000 0.000000 0.000000 0.000000 0.000000 0.000000 0.000000 0.000000 0.000000
0.082356 -0.092608 0.017896 -0.000522 -0.009730 0.073148 0.008687 -0.064982 0.082356 -0.064982 -0.009730 0.027104 -0.037356 -0.101817 0.027104 -0.000522 0.045522
0.003771 0.007929 0.010700 -0.007315 0.007929 -0.003158 0.003771 0.005157 -0.004544 0.001000 0.005157 0.002385 0.014858 -0.012859 0.007929 -0.000386 0.013472
0.036299 0.101770 0.019931 0.028115 0.028115 0.003563 -0.020989 0.003563 -0.004621 -0.061908 0.019931 -0.045541 -0.012805 0.011747 -0.004621 0.019931 0.036299
-0.060964 0.054586 0.120615 -0.027950 -0.209528 -0.027950 0.087600 0.054586 0.071093 -0.044457 -0.077471 -0.011442 -0.077471 0.120615 0.054586 -0.044457 0.005065
0.113443 0.037639 -0.083647 -0.144290 -0.023004 0.128604 -0.038165 -0.174612 -0.068486 -0.068486 -0.083647 0.007318 -0.023004 -0.038165 -0.038165 0.022478 0.052800
-0.000001 -0.011379 0.022755 -0.022756 0.022755 -0.056890 0.034132 -0.068268 0.136532 -0.068268 -0.091023 -0.000001 0.091021 0.045510 -0.068268 0.056888 -0.022756
0.032186 0.044796 -0.056088 -0.030867 -0.056088 0.158291 -0.093920 0.019575 -0.018257 -0.043478 -0.068699 0.057407 -0.005646 -0.068699 0.006965 0.032186 0.032186
-0.078062 -0.049481 0.093422 -0.078062 0.064841 0.064841 -0.006611 -0.049481 0.036260 -0.049481 -0.163804 0.122002 -0.006611 -0.063772 0.122002 -0.035191 0.036260
0.166966 -0.030136 0.019140 -0.013711 0.019140 -0.062986 0.084840 -0.046561 0.019140 -0.161537 0.084840 -0.013711 0.068415 0.002715 0.035565 -0.112262 0.051990
-0.326853 -0.152620 -0.077949 0.146064 0.170955 -0.077949 -0.053059 -0.177511 0.046503 0.170955 -0.028168 0.021612 -0.127730 0.071393 -0.003278 -0.028168 0.046503
0.044410 -0.103075 0.005080 0.005080 -0.014584 -0.053914 0.054242 -0.004752 -0.112907 0.083739 0.014913 -0.014584 -0.004752 -0.024417 0.005080 0.044410 0.024745
-0.009116 0.049016 -0.168978 0.063549 0.034483 0.005417 0.005417 -0.009116 -0.023649 0.019950 -0.009116 0.005417 -0.052715 0.019950 -0.096314 0.121680 0.019950
0.001463 0.037587 -0.005762 -0.005762 0.023137 -0.034662 0.019525 -0.012987 -0.005762 0.001463 -0.009374 -0.002150 0.015913 0.023137 -0.016599 0.012300 0.026750
-0.166824 -0.088732 0.022827 -0.032953 0.022827 0.000515 0.000515 0.022827 0.000515 0.000515 0.011671 -0.010641 0.000515 0.056295 -0.055264 0.000515 0.000515
-0.362280 -0.011922 0.377365 -0.401209 -0.011922 0.143793 -0.128708 -0.011922 0.143793 -0.167637 0.027006 0.182721 -0.167637 0.027006 0.104864 -0.128708 0.027006
0.128617 -0.008575 -0.128618 -0.111469 0.077170 -0.162916 0.180064 0.008574 0.025723 -0.042873 0.025723 -0.060022 0.008574 -0.042873 0.077170 -0.060022 0.060021
0.079664 -0.149721 -0.043851 -0.026206 -0.079141 0.114954 0.167889 -0.096786 -0.149721 -0.114431 0.097309 0.097309 0.114954 -0.043851 -0.043851 -0.185011 0.150244
-0.003718 0.033415 0.017943 0.014848 0.021037 -0.006812 0.021037 0.005565 -0.028472 0.014848 -0.016095 0.002471 -0.009906 0.008660 -0.016095 0.024132 0.030320
0.186500 -0.013842 -0.029253 -0.029253 -0.013842 0.032391 0.016980 -0.029253 -0.090897 0.078623 -0.121719 0.109445 0.016980 0.032391 -0.044664 -0.106308 0.094034
0.070159 -0.049294 0.109977 -0.079158 0.030342 0.090068 -0.049294 -0.089112 0.040296 -0.069203 -0.049294 0.090068 0.060205 -0.029385 0.020387 -0.069203 0.050250
0.149082 -0.039821 -0.039821 -0.108513 -0.022648 0.046044 0.011698 0.011698 -0.074167 -0.005475 0.028871 0.046044 0.046044 0.046044 -0.125686 -0.177205 0.166255
0.110371 -0.096777 0.027512 -0.055347 0.006797 0.068941 0.017155 -0.013918 0.068941 -0.055347 -0.024275 -0.044990 0.006797 0.006797 -0.003560 0.017155 0.017155
0.000000 0.000000 0.000000 0.000000 0.000000 0.000000 0.000000 0.000000 0.000000 0.000000 0.000000 0.000000 0.000000 0.000000 0.000000 0.000000 0.000000
0.088355 -0.015573 -0.193736 -0.000726 -0.045267 0.073508 0.088355 -0.045267 -0.000726 0.014121 -0.149196 0.058661 0.103202 0.028967 -0.089808 -0.060114 0.058661
0.099790 0.055941 0.070558 -0.017140 0.070558 -0.009832 0.004785 -0.039064 -0.017140 -0.002524 -0.039064 0.012093 0.063249 -0.017140 0.055941 0.004785 -0.046372
0.069485 -0.090750 -0.074727 0.037438 0.029426 0.021414 -0.042680 0.005391 0.013402 -0.018645 0.021414 0.005391 -0.010633 -0.002621 0.005391 0.013402 -0.010633
0.002949 0.015032 0.000532 0.005365 0.000532 0.002949 0.008990 0.007782 -0.005510 0.011407 0.002949 0.001740 0.001740 -0.000676 0.013823 -0.009135 0.013823
-0.185735 0.298875 -0.040352 -0.040352 -0.113043 -0.113043 0.129262 -0.040352 -0.016121 0.105031 0.105031 -0.064582 -0.113043 -0.016121 0.177723 -0.064582 -0.040352
0.169276 -0.185342 -0.279907 -0.161701 0.027429 0.192917 0.121993 0.074711 -0.114419 -0.232625 0.003787 0.121993 0.027429 0.121993 -0.090777 -0.138060 0.121993
-0.009777 -0.009777 0.158208 -0.026575 0.023820 0.158208 0.091014 -0.093769 -0.026575 -0.076970 -0.026575 -0.009777 0.107813 -0.026575 0.057417 -0.177761 0.074216
0.119827 0.062640 -0.004078 0.014984 0.024516 -0.013609 -0.061265 0.024516 -0.023140 0.005453 -0.070796 0.053109 -0.013609 -0.023140 0.005453 -0.013609 0.062640
0.096810 0.065866 0.024608 0.024608 -0.006335 0.107124 0.014294 -0.037278 -0.037278 -0.078536 0.014294 -0.006335 0.055552 -0.099165 0.003980 0.014294 0.065866
-0.000785 0.021922 0.016246 0.033276 0.010569 0.050306 -0.023492 0.033276 -0.063230 0.016246 -0.006462 0.038953 -0.012139 -0.017815 -0.012139 -0.029169 0.044630
0.076438 -0.036976 0.010280 -0.055878 -0.008623 0.000829 0.048085 -0.055878 0.000829 -0.036976 0.048085 0.000829 0.019731 0.066987 -0.036976 -0.112586 0.066987
-0.068311 0.260286 0.035456 0.035456 0.052751 -0.068311 0.070046 0.104635 -0.033722 -0.016427 -0.068311 -0.085606 0.035456 -0.051017 0.000867 0.000867 0.035456
0.003006 0.003006 -0.005408 -0.005408 -0.039061 0.036659 0.053486 -0.030648 0.019832 0.028246 -0.013821 -0.055888 0.095552 -0.072715 -0.030648 0.070312 -0.005408
0.022427 0.022427 0.048212 0.138459 0.099782 -0.054928 -0.042035 0.112674 0.022427 -0.119390 -0.029143 0.035320 0.009535 -0.067820 -0.054928 0.048212 0.035320
0.092029 0.014979 0.036993 -0.018042 0.048000 0.025986 -0.084084 -0.018042 -0.007035 -0.007035 -0.029049 0.003972 0.014979 -0.018042 -0.029049 0.136057 -0.029049
0.043166 0.064352 0.007856 0.014918 0.007856 -0.076889 0.021980 -0.006268 0.014918 -0.006268 0.014918 0.014918 0.043166 0.021980 -0.041578 0.021980 -0.013330
-0.034263 0.012747 0.118519 -0.010758 0.012747 0.130272 0.024500 -0.104778 0.000995 0.012747 -0.093025 0.024500 0.012747 -0.057768 0.012747 0.048005 0.048005
0.165900 0.109268 -0.117258 -0.098381 -0.003995 0.052636 0.014882 0.071514 -0.098381 -0.192767 0.184777 0.128145 -0.041750 -0.022872 -0.079504 -0.003995 0.033759
0.016853 0.020898 0.028987 -0.019549 -0.007415 0.033032 -0.031683 0.033032 -0.003370 -0.035728 0.004719 0.045166 -0.007415 0.004719 -0.015505 0.024943 0.008764
0.146569 -0.038567 -0.023139 -0.115707 -0.023139 0.146569 -0.100279 -0.023139 -0.007711 -0.069423 0.100285 0.100285 0.054001 -0.023139 -0.069423 -0.161991 0.146569
0.070719 0.045117 0.029756 0.055358 -0.026569 -0.011208 -0.006088 0.024635 0.019515 -0.026569 0.004153 0.029756 -0.021449 0.034876 -0.031690 -0.011208 0.004153
0.073574 0.057942 0.021469 -0.004584 -0.020216 -0.020216 0.000626 -0.004584 0.000626 0.005837 0.000626 -0.004584 -0.009795 0.026679 0.016258 0.026679 -0.030637
0.000000 0.000000 0.000000 0.000000 0.000000 0.000000 0.000000 0.000000 0.000000 0.000000 0.000000 0.000000 0.000000 0.000000 0.000000 0.000000 0.000000
0.024038 -0.001508 -0.052601 -0.044085 0.024038 -0.044085 0.100677 -0.001508 -0.044085 -0.001508 0.083646 -0.010024 -0.001508 -0.069631 -0.001508 0.049584 -0.018539
0.058132 -0.117575 0.078804 -0.107239 0.089139 0.058132 -0.045225 -0.014218 -0.003882 0.037461 0.047796 -0.034889 0.006454 -0.024553 -0.034889 0.006454 0.047796
-0.166427 0.034955 -0.008198 -0.022582 0.092493 -0.180811 0.092493 0.020571 0.020571 0.034955 -0.094505 0.034955 0.020571 -0.065736 0.106878 -0.008198 -0.065736
0.015895 0.013299 0.023683 0.008107 0.008107 0.005511 0.008107 -0.004872 -0.002276 -0.004872 -0.015256 0.010703 0.000320 -0.012660 0.036662 0.005511 -0.004872
0.047780 0.004035 -0.083456 -0.022212 0.039031 -0.004714 0.012784 -0.004714 0.039031 -0.013463 -0.092205 0.082776 -0.022212 -0.004714 0.047780 -0.039711 0.021533
0.203789 0.259522 -0.297808 -0.102742 0.203789 -0.130609 -0.019143 0.203789 0.064457 -0.102742 -0.074876 -0.074876 0.203789 -0.019143 -0.186342 0.064457 0.036590
0.110863 0.122868 -0.057215 -0.117242 0.026824 -0.105237 0.038830 0.122868 0.002813 0.038830 -0.033203 -0.069220 0.062841 -0.057215 0.062841 -0.045209 -0.009192
-0.005381 0.029973 -0.067249 0.029973 0.083003 0.091841 0.038811 -0.023058 -0.040734 -0.014219 -0.040734 0.065326 0.029973 0.047649 -0.049573 -0.084926 0.029973
-0.049159 -0.079166 0.050864 -0.099170 0.100876 0.040862 0.020857 -0.049159 0.090873 0.020857 -0.089168 0.090873 -0.049159 0.060866 -0.019152 0.010855 -0.029154
-0.094010 -0.050323 0.080739 -0.032848 -0.006636 -0.076535 0.028314 -0.032848 0.037052 -0.006636 0.010839 -0.006636 0.045789 -0.024110 0.028314 0.045789 -0.032848
0.060298 -0.026939 -0.005130 0.002140 0.031219 0.016679 -0.005130 -0.012400 -0.026939 -0.026939 -0.019670 0.038489 0.031219 0.060298 0.045758 -0.005130 -0.085098
0.072485 0.019598 -0.020068 -0.026679 0.006376 -0.000235 -0.006846 0.012987 -0.059734 -0.000235 0.032820 0.026209 0.039431 0.026209 -0.026679 0.012987 -0.046512
-0.008454 0.098979 0.029915 -0.023802 0.083631 -0.039149 -0.000780 -0.016128 0.037589 -0.039149 0.022241 0.029915 -0.000780 -0.000780 0.022241 -0.054497 -0.000780
-0.111408 -0.080187 0.086324 -0.028153 0.055103 -0.090594 0.096731 -0.080187 0.044696 -0.028153 0.003068 -0.007339 0.003068 0.034289 0.055103 0.003068 -0.007339
0.035051 0.094013 0.011467 0.082221 0.152975 -0.071080 -0.023911 0.094013 -0.000326 -0.012118 -0.082872 -0.023911 0.011467 0.023259 -0.047495 0.058636 -0.035703
0.056794 0.016555 0.080938 -0.071970 0.072890 -0.047827 0.088985 -0.055875 0.024603 0.056794 -0.031732 0.032651 0.000460 -0.047827 0.056794 -0.031732 -0.039779
0.061233 0.025865 -0.051946 0.032938 -0.002430 0.061233 0.047086 -0.009504 0.018791 -0.051946 -0.009504 -0.002430 -0.030725 0.082454 -0.059019 -0.023651 0.018791
-0.089177 0.084058 0.020235 0.074940 -0.034471 0.038470 0.056705 0.020235 -0.025354 0.011117 0.011117 -0.007118 0.029352 0.029352 0.029352 -0.098295 -0.034471
0.059673 0.115159 0.004188 0.004188 0.045802 -0.162267 0.115159 -0.051297 -0.009683 -0.023554 -0.023554 0.045802 0.059673 0.018060 0.101287 -0.051297 -0.092911
-0.019416 0.066333 -0.019416 -0.057527 0.037750 0.047278 0.018695 0.066333 -0.105165 0.018695 0.028222 -0.057527 0.085388 -0.038471 -0.019416 0.028222 0.009167
0.158246 -0.005771 -0.080324 0.038961 0.053871 -0.005771 0.053871 -0.095235 -0.020682 -0.065413 -0.005771 0.053871 0.053871 0.024050 0.158246 -0.139966 -0.065413
0.017903 -0.021422 0.033632 0.041497 -0.021422 -0.013557 0.033632 0.041497 -0.076476 0.065092 0.010038 -0.029287 -0.029287 0.080822 -0.060746 0.017903 -0.005692
0.000000 0.000000 0.000000 0.000000 0.000000 0.000000 0.000000 0.000000 0.000000 0.000000 0.000000 0.000000 0.000000 0.000000 0.000000 0.000000 0.000000
0.054562 0.029755 0.004949 0.000814 -0.023992 0.000814 0.009083 -0.003320 -0.007454 -0.028126 -0.015723 -0.007454 0.009083 0.029755 0.042158 0.013218 -0.023992
0.021943 0.021943 0.095555 -0.060871 0.040346 -0.033266 0.003540 0.021943 0.012742 -0.014863 0.012742 0.067951 -0.079274 0.077152 -0.088475 0.003540 0.012742
0.026999 0.026999 0.009110 0.071721 -0.026668 -0.044557 0.026999 0.018054 0.000165 -0.026668 0.026999 -0.098224 0.000165 0.026999 -0.053502 0.080665 0.000165
-0.051856 0.034564 -0.008646 0.056169 0.034564 -0.030251 0.034564 0.023762 0.099379 -0.116671 0.023762 0.023762 -0.105869 -0.008646 -0.030251 0.012959 0.045367
0.027493 0.041474 -0.000471 0.046135 0.013511 0.008850 0.018171 0.004190 -0.000471 -0.033095 0.008850 -0.014453 -0.028434 0.004190 -0.019113 -0.014453 0.060117
0.060669 0.032594 0.016550 0.004518 -0.003504 0.020561 -0.003504 -0.019547 -0.015536 -0.011525 -0.003504 0.000507 0.000507 0.004518 0.016550 0.012540 0.004518
-0.262828 -0.059794 0.188358 0.143239 -0.059794 -0.127472 0.007884 0.030443 0.007884 0.007884 0.007884 0.053002 -0.037235 -0.059794 -0.037235 0.075562 0.007884
0.063883 -0.025884 -0.025884 -0.025884 -0.081988 0.063883 -0.025884 0.075104 -0.048325 0.007779 -0.025884 0.007779 0.041441 -0.081988 0.131208 -0.093209 0.041441
-0.024472 -0.052239 -0.003647 0.031061 0.051886 0.079653 0.031061 -0.017531 -0.059181 -0.024472 -0.010589 0.010236 0.065769 -0.024472 -0.038356 -0.045297 0.079653
0.038190 0.006567 0.027649 -0.035597 0.022378 -0.019786 -0.014515 0.069812 -0.014515 -0.025056 0.027649 -0.014515 0.006567 0.027649 -0.014515 0.027649 -0.014515
-0.078136 -0.040014 0.036229 -0.014600 0.023522 -0.001892 0.036229 0.048937 -0.154379 0.036229 -0.040014 0.010815 0.099766 -0.078136 -0.027307 0.048937 -0.014600
0.023234 0.033223 -0.003404 0.006585 0.019904 0.036553 -0.010064 0.013244 -0.016723 -0.030042 -0.003404 0.006585 0.023234 -0.000075 -0.023383 -0.006734 0.036553
0.073652 -0.004840 0.021324 0.047488 0.001701 0.014783 -0.011381 0.014783 -0.037545 0.021324 -0.004840 -0.031004 0.047488 -0.057168 0.001701 0.001701 0.027865
0.015577 0.029104 0.002049 -0.025005 0.049395 0.015577 0.022340 0.022340 0.002049 0.002049 0.015577 -0.052060 -0.025005 -0.031769 -0.004714 -0.038533 0.083214
0.121474 -0.035358 -0.046561 -0.012954 -0.024156 -0.024156 -0.046561 0.020653 0.099069 -0.102572 0.065462 0.020653 -0.012954 -0.012954 -0.012954 -0.046561 0.099069
0.010950 -0.025912 0.018323 0.014636 -0.011167 0.022009 -0.025912 0.025695 -0.029598 0.044126 -0.022226 -0.000109 -0.000109 0.014636 -0.018540 0.018323 0.018323
0.053997 -0.027235 -0.000157 -0.036260 0.063023 -0.027235 0.035946 -0.063338 0.063023 -0.063338 0.035946 0.053997 -0.108467 0.072049 -0.027235 -0.027235 0.044972
0.064456 0.055591 -0.095098 -0.041914 -0.024186 -0.024186 0.055591 0.082184 -0.033050 0.073320 -0.077370 0.020135 -0.015321 0.011271 -0.006457 -0.050778 0.064456
0.088820 0.027777 -0.082101 -0.021057 -0.033266 -0.021057 0.015568 0.052194 -0.057683 0.064403 0.015568 -0.008849 0.039986 -0.045475 -0.094309 -0.069892 0.149863
0.037007 0.028624 -0.080357 0.011857 0.062156 0.053773 -0.013292 0.062156 -0.046824 -0.105506 -0.004909 0.011857 0.020240 0.020240 -0.038441 0.028624 0.020240
0.019831 -0.005327 -0.131115 -0.017906 -0.017906 0.120461 -0.030485 -0.005327 -0.043063 -0.030485 -0.030485 0.095304 0.057567 0.019831 -0.068221 -0.017906 0.070146
0.104648 0.022079 0.046850 -0.027463 -0.019206 -0.027463 -0.027463 -0.060491 -0.002692 0.005565 0.013822 0.013822 0.030336 0.022079 -0.019206 -0.010949 0.013822
0.085414 0.035820 0.052351 -0.046838 0.002757 0.027554 -0.079901 -0.022041 -0.022041 -0.013775 -0.013775 0.077148 -0.005509 0.060617 0.027554 0.011022 -0.063369
